Clark Y                                         
 Alfa =   4.00000 Re =     3975.458 Xflap,Yflap =     0.000000    0.000000
#    x        y        Cp  
   1.00000  0.00000 -0.22126
   0.99510  0.00116 -0.22131
   0.98680  0.00311 -0.22166
   0.97724  0.00533 -0.22211
   0.96655  0.00780 -0.22263
   0.95512  0.01041 -0.22321
   0.94322  0.01310 -0.22384
   0.93100  0.01584 -0.22450
   0.91861  0.01860 -0.22521
   0.90614  0.02136 -0.22594
   0.89363  0.02410 -0.22671
   0.88110  0.02683 -0.22751
   0.86858  0.02952 -0.22834
   0.85606  0.03219 -0.22922
   0.84356  0.03482 -0.23013
   0.83107  0.03741 -0.23110
   0.81860  0.03997 -0.23211
   0.80614  0.04247 -0.23319
   0.79370  0.04493 -0.23432
   0.78128  0.04733 -0.23552
   0.76887  0.04968 -0.23679
   0.75648  0.05198 -0.23815
   0.74409  0.05421 -0.23959
   0.73172  0.05638 -0.24113
   0.71935  0.05849 -0.24277
   0.70698  0.06053 -0.24453
   0.69461  0.06250 -0.24641
   0.68225  0.06441 -0.24842
   0.66988  0.06624 -0.25057
   0.65751  0.06801 -0.25289
   0.64512  0.06971 -0.25537
   0.63273  0.07134 -0.25803
   0.62033  0.07290 -0.26089
   0.60792  0.07440 -0.26397
   0.59549  0.07582 -0.26727
   0.58304  0.07718 -0.27083
   0.57058  0.07848 -0.27466
   0.55811  0.07971 -0.27878
   0.54562  0.08088 -0.28321
   0.53311  0.08199 -0.28798
   0.52059  0.08304 -0.29313
   0.50805  0.08403 -0.29866
   0.49550  0.08497 -0.30462
   0.48295  0.08584 -0.31104
   0.47038  0.08666 -0.31794
   0.45781  0.08743 -0.32537
   0.44524  0.08813 -0.33334
   0.43268  0.08878 -0.34190
   0.42012  0.08938 -0.35103
   0.40758  0.08991 -0.36076
   0.39506  0.09038 -0.37115
   0.38256  0.09078 -0.38224
   0.37009  0.09111 -0.39410
   0.35766  0.09137 -0.40674
   0.34527  0.09155 -0.42022
   0.33294  0.09165 -0.43451
   0.32066  0.09166 -0.44962
   0.30845  0.09157 -0.46546
   0.29631  0.09137 -0.48204
   0.28425  0.09106 -0.49910
   0.27227  0.09063 -0.51648
   0.26038  0.09008 -0.53415
   0.24858  0.08938 -0.55154
   0.23688  0.08854 -0.56860
   0.22529  0.08755 -0.58481
   0.21381  0.08639 -0.59962
   0.20244  0.08506 -0.61294
   0.19118  0.08356 -0.62342
   0.18004  0.08186 -0.63176
   0.16902  0.07998 -0.63616
   0.15812  0.07790 -0.63665
   0.14734  0.07561 -0.63284
   0.13670  0.07311 -0.62391
   0.12618  0.07040 -0.60986
   0.11582  0.06747 -0.58996
   0.10562  0.06434 -0.56477
   0.09560  0.06100 -0.53355
   0.08583  0.05748 -0.49721
   0.07635  0.05381 -0.45573
   0.06728  0.05003 -0.40963
   0.05871  0.04621 -0.36062
   0.05080  0.04244 -0.30935
   0.04363  0.03881 -0.25559
   0.03727  0.03538 -0.20408
   0.03172  0.03221 -0.15264
   0.02692  0.02929 -0.10091
   0.02278  0.02662 -0.04959
   0.01920  0.02417  0.00123
   0.01610  0.02192  0.05264
   0.01342  0.01981  0.11090
   0.01108  0.01785  0.16711
   0.00903  0.01600  0.22998
   0.00722  0.01423  0.29778
   0.00565  0.01249  0.37692
   0.00429  0.01080  0.46061
   0.00314  0.00916  0.55437
   0.00220  0.00760  0.65058
   0.00144  0.00609  0.73700
   0.00085  0.00464  0.82221
   0.00041  0.00323  0.90027
   0.00013  0.00185  0.96137
   0.00001  0.00049  1.01173
   0.00004 -0.00086  1.03160
   0.00022 -0.00223  1.02037
   0.00056 -0.00361  0.99196
   0.00105 -0.00501  0.93569
   0.00170 -0.00643  0.85520
   0.00252 -0.00788  0.74998
   0.00353 -0.00936  0.63845
   0.00474 -0.01084  0.51726
   0.00615 -0.01229  0.38932
   0.00778 -0.01369  0.27326
   0.00963 -0.01504  0.17484
   0.01171 -0.01637  0.08866
   0.01403 -0.01769  0.00738
   0.01665 -0.01899 -0.06501
   0.01960 -0.02025 -0.12465
   0.02291 -0.02149 -0.17438
   0.02666 -0.02269 -0.21507
   0.03091 -0.02385 -0.24654
   0.03574 -0.02497 -0.26915
   0.04124 -0.02602 -0.28250
   0.04750 -0.02699 -0.28926
   0.05460 -0.02786 -0.28903
   0.06260 -0.02860 -0.28331
   0.07150 -0.02919 -0.27274
   0.08124 -0.02963 -0.25886
   0.09174 -0.02991 -0.24382
   0.10287 -0.03004 -0.22745
   0.11450 -0.03005 -0.21189
   0.12652 -0.02996 -0.19694
   0.13884 -0.02979 -0.18321
   0.15138 -0.02956 -0.17067
   0.16408 -0.02929 -0.15940
   0.17690 -0.02900 -0.14961
   0.18980 -0.02869 -0.14094
   0.20275 -0.02837 -0.13367
   0.21574 -0.02805 -0.12731
   0.22874 -0.02773 -0.12203
   0.24175 -0.02740 -0.11764
   0.25476 -0.02708 -0.11397
   0.26777 -0.02675 -0.11098
   0.28076 -0.02642 -0.10883
   0.29375 -0.02608 -0.10698
   0.30671 -0.02574 -0.10574
   0.31967 -0.02539 -0.10480
   0.33262 -0.02503 -0.10415
   0.34555 -0.02466 -0.10379
   0.35848 -0.02428 -0.10361
   0.37140 -0.02388 -0.10366
   0.38431 -0.02347 -0.10372
   0.39722 -0.02304 -0.10387
   0.41013 -0.02259 -0.10408
   0.42305 -0.02213 -0.10435
   0.43596 -0.02166 -0.10459
   0.44888 -0.02117 -0.10478
   0.46181 -0.02067 -0.10511
   0.47475 -0.02015 -0.10529
   0.48770 -0.01962 -0.10548
   0.50066 -0.01908 -0.10573
   0.51363 -0.01854 -0.10598
   0.52661 -0.01799 -0.10625
   0.53960 -0.01743 -0.10653
   0.55260 -0.01687 -0.10690
   0.56561 -0.01632 -0.10729
   0.57860 -0.01576 -0.10781
   0.59159 -0.01520 -0.10835
   0.60457 -0.01465 -0.10908
   0.61755 -0.01411 -0.10988
   0.63051 -0.01358 -0.11083
   0.64347 -0.01305 -0.11193
   0.65643 -0.01253 -0.11322
   0.66938 -0.01202 -0.11466
   0.68234 -0.01152 -0.11632
   0.69529 -0.01104 -0.11817
   0.70825 -0.01056 -0.12025
   0.72121 -0.01009 -0.12255
   0.73417 -0.00962 -0.12510
   0.74715 -0.00917 -0.12788
   0.76013 -0.00872 -0.13093
   0.77312 -0.00828 -0.13422
   0.78612 -0.00783 -0.13778
   0.79913 -0.00740 -0.14159
   0.81213 -0.00696 -0.14568
   0.82513 -0.00652 -0.15002
   0.83812 -0.00607 -0.15463
   0.85110 -0.00562 -0.15949
   0.86407 -0.00517 -0.16464
   0.87703 -0.00471 -0.17002
   0.88997 -0.00424 -0.17572
   0.90288 -0.00376 -0.18168
   0.91576 -0.00327 -0.18800
   0.92856 -0.00278 -0.19458
   0.94121 -0.00229 -0.20149
   0.95355 -0.00181 -0.20858
   0.96541 -0.00134 -0.21565
   0.97650 -0.00090 -0.22237
   0.98640 -0.00052 -0.22785
   0.99496 -0.00019 -0.23111
   1.00000  0.00000 -0.22126
