     1.000000    0.000599
     0.983851    0.004424
     0.948588    0.012661
     0.907638    0.021839
     0.865798    0.030771
     0.823845    0.039270
     0.781854    0.047286
     0.739812    0.054800
     0.697725    0.061798
     0.655689    0.068237
     0.613783    0.074019
     0.571965    0.079052
     0.530124    0.083304
     0.488299    0.086766
     0.446927    0.089370
     0.408196    0.090954
     0.379718    0.091524
     0.356765    0.091622
     0.333434    0.091424
     0.310191    0.090959
     0.286941    0.090260
     0.263697    0.089276
     0.240498    0.087867
     0.217264    0.085873
     0.194244    0.083166
     0.164256    0.078368
     0.128640    0.070791
     0.093709    0.061037
     0.062406    0.049759
     0.038798    0.038454
     0.023129    0.027972
     0.013101    0.018949
     0.006542    0.012107
     0.002443    0.006576
     0.000299    0.001625
     0.000094   -0.003026
     0.001925   -0.007688
     0.005699   -0.012296
     0.011570   -0.016726
     0.020444   -0.020403
     0.034500   -0.023497
     0.056313   -0.026774
     0.085122   -0.028721
     0.109434   -0.029697
     0.132610   -0.030171
     0.155871   -0.030271
     0.179134   -0.030062
     0.202387   -0.029610
     0.225642   -0.028977
     0.248902   -0.028213
     0.272000   -0.027372
     0.297174   -0.026415
     0.335015   -0.025001
     0.377991   -0.023433
     0.421727   -0.021841
     0.465540   -0.020231
     0.509372   -0.018617
     0.553206   -0.017007
     0.597045   -0.015398
     0.640885   -0.013788
     0.684724   -0.012178
     0.728564   -0.010568
     0.772406   -0.008958
     0.816247   -0.007348
     0.860080   -0.005738
     0.903830   -0.004131
     0.946710   -0.002556
     0.983377   -0.001210
     1.000000   -0.000599
