     1.000000    0.000599
     0.989562    0.003073
     0.969508    0.007802
     0.945943    0.013268
     0.921158    0.018858
     0.895988    0.024370
     0.870705    0.029747
     0.845389    0.034965
     0.820059    0.040013
     0.794717    0.044884
     0.769358    0.049573
     0.743978    0.054079
     0.718581    0.058396
     0.693173    0.062523
     0.667793    0.066444
     0.642460    0.070136
     0.617176    0.073577
     0.591931    0.076746
     0.566692    0.079631
     0.541437    0.082232
     0.516168    0.084547
     0.490901    0.086574
     0.465689    0.088298
     0.440564    0.089690
     0.415526    0.090723
     0.390549    0.091368
     0.365519    0.091621
     0.340370    0.091512
     0.315119    0.091078
     0.289873    0.090361
     0.265028    0.089342
     0.240786    0.087888
     0.217151    0.085862
     0.194067    0.083142
     0.171291    0.079624
     0.148702    0.075314
     0.126522    0.070272
     0.105103    0.064518
     0.084680    0.058055
     0.065897    0.051169
     0.049942    0.044248
     0.037111    0.037483
     0.027191    0.031056
     0.019660    0.025079
     0.013883    0.019716
     0.009395    0.015215
     0.005959    0.011424
     0.003386    0.008050
     0.001543    0.004927
     0.000391    0.001969
    -0.000058   -0.000846
     0.000217   -0.003649
     0.001248   -0.006464
     0.002996   -0.009269
     0.005441   -0.012046
     0.008635   -0.014773
     0.012705   -0.017359
     0.017949   -0.019611
     0.024808   -0.021519
     0.034089   -0.023417
     0.046387   -0.025548
     0.062300   -0.027326
     0.082475   -0.028588
     0.105582   -0.029576
     0.129803   -0.030134
     0.154615   -0.030274
     0.179805   -0.030052
     0.205311   -0.029539
     0.231087   -0.028808
     0.257099   -0.027922
     0.283324   -0.026943
     0.309660   -0.025943
     0.336041   -0.024963
     0.362458   -0.023998
     0.388900   -0.023038
     0.415342   -0.022075
     0.441787   -0.021105
     0.468239   -0.020132
     0.494696   -0.019157
     0.521152   -0.018184
     0.547611   -0.017212
     0.574071   -0.016241
     0.600531   -0.015270
     0.626992   -0.014298
     0.653453   -0.013327
     0.679914   -0.012355
     0.706375   -0.011383
     0.732837   -0.010411
     0.759299   -0.009439
     0.785761   -0.008467
     0.812223   -0.007495
     0.838684   -0.006524
     0.865139   -0.005552
     0.891574   -0.004581
     0.917919   -0.003614
     0.943891   -0.002660
     0.968502   -0.001756
     0.989262   -0.000994
     1.000000   -0.000599
