     1.000000    0.000000
     0.989523    0.002471
     0.969666    0.007082
     0.946199    0.012428
     0.921221    0.018024
     0.895780    0.023634
     0.870247    0.029165
     0.844739    0.034573
     0.819294    0.039824
     0.793919    0.044887
     0.768608    0.049734
     0.743349    0.054342
     0.718125    0.058691
     0.692915    0.062766
     0.667701    0.066559
     0.642464    0.070066
     0.617186    0.073288
     0.591854    0.076228
     0.566460    0.078896
     0.540999    0.081301
     0.515474    0.083455
     0.489896    0.085366
     0.464282    0.087041
     0.438660    0.088482
     0.413064    0.089682
     0.387538    0.090626
     0.362131    0.091287
     0.336899    0.091629
     0.311899    0.091602
     0.287186    0.091148
     0.262816    0.090202
     0.238834    0.088693
     0.215282    0.086549
     0.192191    0.083700
     0.169584    0.080081
     0.147481    0.075637
     0.125916    0.070324
     0.104966    0.064131
     0.084842    0.057113
     0.066046    0.049495
     0.049484    0.041792
     0.036049    0.034697
     0.025856    0.028621
     0.018297    0.023530
     0.012647    0.019183
     0.008368    0.015374
     0.005098    0.011832
     0.002716    0.008489
     0.001142    0.005415
     0.000255    0.002539
     0.000004   -0.000240
     0.000400   -0.003025
     0.001433   -0.005886
     0.003161   -0.008852
     0.005700   -0.011851
     0.009117   -0.014684
     0.013476   -0.017390
     0.019003   -0.020009
     0.026045   -0.022504
     0.035121   -0.024836
     0.046927   -0.026909
     0.062160   -0.028561
     0.081058   -0.029620
     0.103065   -0.030043
     0.127186   -0.029952
     0.152546   -0.029538
     0.178575   -0.028961
     0.204936   -0.028318
     0.231435   -0.027658
     0.257959   -0.026995
     0.284454   -0.026324
     0.310900   -0.025631
     0.337295   -0.024901
     0.363649   -0.024121
     0.389978   -0.023281
     0.416300   -0.022376
     0.442632   -0.021407
     0.468991   -0.020380
     0.495389   -0.019304
     0.521833   -0.018192
     0.548322   -0.017058
     0.574826   -0.015919
     0.601304   -0.014792
     0.627748   -0.013690
     0.654167   -0.012621
     0.680574   -0.011591
     0.706984   -0.010602
     0.733411   -0.009650
     0.759869   -0.008729
     0.786363   -0.007827
     0.812879   -0.006931
     0.839369   -0.006030
     0.865815   -0.005108
     0.892204   -0.004156
     0.918473   -0.003171
     0.944313   -0.002169
     0.968648   -0.001210
     0.989213   -0.000410
     1.000000    0.000000
