Clark Y                                         
 Alfa =  11.01921 Re =    19104.213 Xflap,Yflap =     0.000000    0.000000
#    x        y        Cp  
   1.00000  0.00000 -0.40770
   0.99510  0.00116 -0.41242
   0.98680  0.00311 -0.42156
   0.97724  0.00533 -0.43428
   0.96655  0.00780 -0.44740
   0.95512  0.01041 -0.44760
   0.94322  0.01310 -0.44780
   0.93100  0.01584 -0.44801
   0.91861  0.01860 -0.44822
   0.90614  0.02136 -0.44842
   0.89363  0.02410 -0.44862
   0.88110  0.02683 -0.44881
   0.86858  0.02952 -0.44899
   0.85606  0.03219 -0.44917
   0.84356  0.03482 -0.44935
   0.83107  0.03741 -0.44952
   0.81860  0.03997 -0.44968
   0.80614  0.04247 -0.44984
   0.79370  0.04493 -0.44999
   0.78128  0.04733 -0.45014
   0.76887  0.04968 -0.45028
   0.75648  0.05198 -0.45042
   0.74409  0.05421 -0.45055
   0.73172  0.05638 -0.45069
   0.71935  0.05849 -0.45082
   0.70698  0.06053 -0.45095
   0.69461  0.06250 -0.45108
   0.68225  0.06441 -0.45121
   0.66988  0.06624 -0.45133
   0.65751  0.06801 -0.45146
   0.64512  0.06971 -0.45159
   0.63273  0.07134 -0.45172
   0.62033  0.07290 -0.45185
   0.60792  0.07440 -0.45198
   0.59549  0.07582 -0.45212
   0.58304  0.07718 -0.45225
   0.57058  0.07848 -0.45239
   0.55811  0.07971 -0.45253
   0.54562  0.08088 -0.45267
   0.53311  0.08199 -0.45281
   0.52059  0.08304 -0.45296
   0.50805  0.08403 -0.45311
   0.49550  0.08497 -0.45326
   0.48295  0.08584 -0.45340
   0.47038  0.08666 -0.45356
   0.45781  0.08743 -0.45371
   0.44524  0.08813 -0.45387
   0.43268  0.08878 -0.45403
   0.42012  0.08938 -0.45419
   0.40758  0.08991 -0.45437
   0.39506  0.09038 -0.45456
   0.38256  0.09078 -0.45475
   0.37009  0.09111 -0.45498
   0.35766  0.09137 -0.45523
   0.34527  0.09155 -0.45553
   0.33294  0.09165 -0.45588
   0.32066  0.09166 -0.45633
   0.30845  0.09157 -0.45688
   0.29631  0.09137 -0.45758
   0.28425  0.09106 -0.45849
   0.27227  0.09063 -0.45967
   0.26038  0.09008 -0.46122
   0.24858  0.08938 -0.46327
   0.23688  0.08854 -0.46595
   0.22529  0.08755 -0.46949
   0.21381  0.08639 -0.47421
   0.20244  0.08506 -0.48037
   0.19118  0.08356 -0.48855
   0.18004  0.08186 -0.49926
   0.16902  0.07998 -0.51324
   0.15812  0.07790 -0.53103
   0.14734  0.07561 -0.55264
   0.13670  0.07311 -0.57833
   0.12618  0.07040 -0.60818
   0.11582  0.06747 -0.64050
   0.10562  0.06434 -0.67323
   0.09560  0.06100 -0.70483
   0.08583  0.05748 -0.73244
   0.07635  0.05381 -0.75798
   0.06728  0.05003 -0.77976
   0.05871  0.04621 -0.79920
   0.05080  0.04244 -0.81694
   0.04363  0.03881 -0.83637
   0.03727  0.03538 -0.85310
   0.03172  0.03221 -0.87400
   0.02692  0.02929 -0.89185
   0.02278  0.02662 -0.91477
   0.01920  0.02417 -0.93537
   0.01610  0.02192 -0.95833
   0.01342  0.01981 -0.97615
   0.01108  0.01785 -0.99245
   0.00903  0.01600 -1.00455
   0.00722  0.01423 -1.01229
   0.00565  0.01249 -0.99957
   0.00429  0.01080 -0.96929
   0.00314  0.00916 -0.92357
   0.00220  0.00760 -0.84537
   0.00144  0.00609 -0.77152
   0.00085  0.00464 -0.65773
   0.00041  0.00323 -0.50298
   0.00013  0.00185 -0.32908
   0.00001  0.00049 -0.11504
   0.00004 -0.00086  0.12463
   0.00022 -0.00223  0.33313
   0.00056 -0.00361  0.52146
   0.00105 -0.00501  0.68266
   0.00170 -0.00643  0.83460
   0.00252 -0.00788  0.91382
   0.00353 -0.00936  0.96837
   0.00474 -0.01084  0.99902
   0.00615 -0.01229  0.99595
   0.00778 -0.01369  0.97089
   0.00963 -0.01504  0.93469
   0.01171 -0.01637  0.88521
   0.01403 -0.01769  0.82705
   0.01665 -0.01899  0.76719
   0.01960 -0.02025  0.70563
   0.02291 -0.02149  0.65057
   0.02666 -0.02269  0.59356
   0.03091 -0.02385  0.53700
   0.03574 -0.02497  0.48962
   0.04124 -0.02602  0.44009
   0.04750 -0.02699  0.40097
   0.05460 -0.02786  0.36367
   0.06260 -0.02860  0.33403
   0.07150 -0.02919  0.30901
   0.08124 -0.02963  0.28941
   0.09174 -0.02991  0.27306
   0.10287 -0.03004  0.26035
   0.11450 -0.03005  0.24978
   0.12652 -0.02996  0.23967
   0.13884 -0.02979  0.23204
   0.15138 -0.02956  0.22447
   0.16408 -0.02929  0.21861
   0.17690 -0.02900  0.21044
   0.18980 -0.02869  0.20416
   0.20275 -0.02837  0.19595
   0.21574 -0.02805  0.18928
   0.22874 -0.02773  0.18145
   0.24175 -0.02740  0.17259
   0.25476 -0.02708  0.16514
   0.26777 -0.02675  0.15704
   0.28076 -0.02642  0.14886
   0.29375 -0.02608  0.14074
   0.30671 -0.02574  0.13203
   0.31967 -0.02539  0.12402
   0.33262 -0.02503  0.11624
   0.34555 -0.02466  0.10855
   0.35848 -0.02428  0.10106
   0.37140 -0.02388  0.09356
   0.38431 -0.02347  0.08630
   0.39722 -0.02304  0.07950
   0.41013 -0.02259  0.07289
   0.42305 -0.02213  0.06647
   0.43596 -0.02166  0.06027
   0.44888 -0.02117  0.05437
   0.46181 -0.02067  0.04851
   0.47475 -0.02015  0.04312
   0.48770 -0.01962  0.03789
   0.50066 -0.01908  0.03246
   0.51363 -0.01854  0.02728
   0.52661 -0.01799  0.02228
   0.53960 -0.01743  0.01731
   0.55260 -0.01687  0.01212
   0.56561 -0.01632  0.00714
   0.57860 -0.01576  0.00190
   0.59159 -0.01520 -0.00333
   0.60457 -0.01465 -0.00880
   0.61755 -0.01411 -0.01434
   0.63051 -0.01358 -0.02020
   0.64347 -0.01305 -0.02625
   0.65643 -0.01253 -0.03261
   0.66938 -0.01202 -0.03925
   0.68234 -0.01152 -0.04629
   0.69529 -0.01104 -0.05375
   0.70825 -0.01056 -0.06153
   0.72121 -0.01009 -0.06981
   0.73417 -0.00962 -0.07860
   0.74715 -0.00917 -0.08790
   0.76013 -0.00872 -0.09763
   0.77312 -0.00828 -0.10802
   0.78612 -0.00783 -0.11893
   0.79913 -0.00740 -0.13045
   0.81213 -0.00696 -0.14265
   0.82513 -0.00652 -0.15551
   0.83812 -0.00607 -0.16909
   0.85110 -0.00562 -0.18346
   0.86407 -0.00517 -0.19872
   0.87703 -0.00471 -0.21481
   0.88997 -0.00424 -0.23221
   0.90288 -0.00376 -0.25075
   0.91576 -0.00327 -0.27116
   0.92856 -0.00278 -0.29323
   0.94121 -0.00229 -0.31794
   0.95355 -0.00181 -0.34510
   0.96541 -0.00134 -0.37502
   0.97650 -0.00090 -0.40729
   0.98640 -0.00052 -0.43798
   0.99496 -0.00019 -0.46221
   1.00000  0.00000 -0.40770
